001000110110010001100110000101001110000010010011010010100001011
001000111100101000101101000111101110000101101001000011001010011
100001010011001000110100011000101100100011110010100010110100011
110111000010110100100001100101001110000101001100100011010001100
010110010001111001010001011010001111011100001011010010000110010
100111000010100110010001101000110001011001000111100101000101101
000111101110000101101001000011001010011100001010011001000110100
0110001011001000111100101000101101000111101110000101101001000011
0010100111000010100110010001101000110001011001000111100101000101
1010001111011100001011010010000110010100111000010100110010001101
000110001011001000111100101000101101000111101110000101101001000
0110010100111000010100110010001101000110001011001000111100101000
1011010001111011100001011010010000110010100111000010100110010001
1010001100010110010001111001010001011010001111011100001011010010
0001100101001110000101001100100011010001100010110010001111001010
0010110100011110111000010110100100001100101001110000101001100100
0110100011000101100100011110010100010110100011110111000010110100
1000011001010011100001010011001000110100011000101100100011110010
1000101101000111101110000101101001000011001010011100001010011001
0001101000110001011001000111100101000101101000111101110000101101
0010000110010100111000010100110010001101000110001011001000111100
1010001011010001111011100001011010010000110010100111000010100110
0100011010001100010110010001111001010001011010001111011100001011
0100100001100101001110000101001100100011010001100010110010001111
0010100010110100011110111000010110100100001100101001110000101001
1001000110100011000101100100011110010100010110100011110111000010
1101001000011001010011100001010011001000110100011000101100100011
1100101000101101000111101110000101101001000011001010011100001010
0110010001101000110001011001000111100101000101101000111101110000
1011010010000110010100111000010100110010001101000110001011001000
1111001010001011010001111011100001011010010000110010100111000010
1001100100011010001100010110010001111001010001011010001111011100
0010110100100001100101001110000101001100100011010001100010110010
0011110010100010110100011110111000010110100100001100101001110000
1010011001000110100011000101100100011110010100010110100011110111
0000101101001000011001010011100001010011001000110100011000101100
1000111100101000101101000111101110000101101001000011001010011100
0010100110010001101000110001011001000111100101000101101000111101
1100001011010010000110010100111000010100110010001101000110001011
0010001111001010001011010001111011100001011010010000110010100111
0000101001100100011010001100010110010001111001010001011010001111
0111000010110100100001100101001110000101001100100011010001100010
1100100011110010100010110100011110111000010110100100001100101001
1100001010011001000110100011000101100100011110010100010110100011
1101110000101101001000011001010011100001010011001000110100011000
1011001000111100101000101101000111101110000101101001000011001010
0111000010100110010001101000110001011001000111100101000101101000
1111011100001011010010000110010100111000010100110010001101000110
0010110010001111001010001011010001111011100001011010010000110010
1001110000101001100100011010001100010110010001111001010001011010
0011110111000010110100100001100101001110000101001100100011010001
1000101100100011110010100010110100011110111000010110100100001100
1010011100001010011001000110100011000101100100011110010100010110
1000111101110000101101001000011001010011100001010011001000110100
0110001011001000111100101000101101000111101110000101101001000011
0010100111000010100110010001101000110001011001000111100101000101
1010001111011100001011010010000110010100111000010100110010001101
000110001011001000111100101000101101000111101110000101101001000
